R = 1.7;                
L = 0.05;                
Km = 1.34;               
Kb = 0.87;               
Kf = 0.043;               
J = 0.08;               
TL = 0.5;